Effects of Raw-to-Scale Score Conversions on Equating                           
                                                                                
   1  45
  45
ES01    ES         1.95604   0.07075   1.13889   0.05313  -1.71750   0.08631   0.87805   0.04096   0.13863   0.05592   0.00000   0.00000             110
ES02    ES         2.79771   0.10681   2.02603   0.09818  -1.38088   0.04190   0.49358   0.02392   0.07859   0.02937   0.00000   0.00000             210
ES03    ES        -0.06973   0.05396   1.36289   0.07904   0.05117   0.03749   0.73373   0.04255   0.23326   0.01648   0.00000   0.00000             310
ES04    ES         1.05927   0.04670   1.27880   0.07606  -0.82833   0.06581   0.78198   0.04651   0.18059   0.03265   0.00000   0.00000             410
ES05    ES         1.73699   0.06289   1.60591   0.09852  -1.08162   0.06094   0.62270   0.03820   0.17220   0.03510   0.00000   0.00000             510
ES06    ES         1.33523   0.05620   2.33887   0.12274  -0.57089   0.02876   0.42756   0.02244   0.19777   0.01630   0.00000   0.00000             610
ES07    ES         1.43889   0.05852   1.80438   0.11362  -0.79744   0.04698   0.55421   0.03490   0.23814   0.02492   0.00000   0.00000             710
ES08    ES         1.35468   0.06190   2.48101   0.15138  -0.54602   0.02828   0.40306   0.02459   0.20718   0.01633   0.00000   0.00000             810
ES09    ES         1.32115   0.06688   2.46859   0.16422  -0.53519   0.03197   0.40509   0.02695   0.31378   0.01800   0.00000   0.00000             910
ES10    ES         0.07855   0.05668   1.27538   0.08172  -0.06159   0.04733   0.78408   0.05024   0.28774   0.01964   0.00000   0.00000            1010
ES11    ES         1.68490   0.06739   2.07899   0.12208  -0.81044   0.03841   0.48100   0.02825   0.19994   0.02133   0.00000   0.00000            1110
ES12    ES         0.53574   0.04871   1.93698   0.11492  -0.27658   0.03404   0.51627   0.03063   0.30061   0.01711   0.00000   0.00000            1210
ES13    ES        -0.73520   0.09444   1.46291   0.11728   0.50256   0.03398   0.68357   0.05480   0.31228   0.01488   0.00000   0.00000            1310
ES14    ES        -0.82904   0.07036   1.55165   0.09408   0.53429   0.02274   0.64447   0.03908   0.13250   0.01068   0.00000   0.00000            1410
ES15    ES         1.79920   0.06747   1.95054   0.10913  -0.92241   0.04280   0.51268   0.02868   0.17982   0.02413   0.00000   0.00000            1510
ES16    ES        -0.85268   0.11761   1.17911   0.12280   0.72315   0.04379   0.84810   0.08833   0.36483   0.01639   0.00000   0.00000            1610
ES17    ES         0.55873   0.06229   0.81427   0.05630  -0.68617   0.11440   1.22809   0.08492   0.20016   0.04491   0.00000   0.00000            1710
ES18    ES         0.80594   0.04647   1.81976   0.10337  -0.44288   0.03733   0.54952   0.03122   0.26830   0.01878   0.00000   0.00000            1810
ES19    ES        -0.13137   0.05427   1.47067   0.08639   0.08933   0.03328   0.67996   0.03994   0.22066   0.01572   0.00000   0.00000            1910
ES20    ES         0.62217   0.04811   2.32300   0.13960  -0.26783   0.02799   0.43048   0.02587   0.27279   0.01544   0.00000   0.00000            2010
ES21    ES        -0.39935   0.06649   2.09185   0.12606   0.19091   0.02371   0.47805   0.02881   0.23396   0.01283   0.00000   0.00000            2110
ES22    ES         0.07383   0.06549   1.19840   0.09040  -0.06161   0.05814   0.83444   0.06295   0.36451   0.02205   0.00000   0.00000            2210
ES23    ES         0.04301   0.04906   1.63827   0.09049  -0.02626   0.03092   0.61040   0.03372   0.20945   0.01527   0.00000   0.00000            2310
ES24    ES         1.91224   0.06970   1.79479   0.10268  -1.06544   0.05481   0.55717   0.03188   0.20793   0.03095   0.00000   0.00000            2410
ES25    ES         1.18960   0.05100   2.17526   0.11769  -0.54688   0.02972   0.45972   0.02487   0.18144   0.01654   0.00000   0.00000            2510
ES26    ES         1.21682   0.05120   1.40915   0.08323  -0.86352   0.06377   0.70965   0.04191   0.23121   0.03172   0.00000   0.00000            2610
ES27    ES         0.81984   0.10551   0.70660   0.06533  -1.16027   0.23889   1.41523   0.13084   0.38383   0.07493   0.00000   0.00000            2710
ES28    ES         1.37558   0.05845   1.57296   0.09958  -0.87451   0.06192   0.63574   0.04025   0.30765   0.03018   0.00000   0.00000            2810
ES29    ES         1.40019   0.05436   1.64989   0.09621  -0.84866   0.05265   0.60610   0.03534   0.23124   0.02722   0.00000   0.00000            2910
ES30    ES         1.22487   0.04973   1.85838   0.10069  -0.65911   0.03948   0.53810   0.02916   0.21795   0.02026   0.00000   0.00000            3010
ES31    ES         1.43636   0.05384   1.72531   0.10244  -0.83252   0.04497   0.57960   0.03441   0.15326   0.02453   0.00000   0.00000            3110
ES32    ES         0.71368   0.04564   1.23853   0.07069  -0.57623   0.05855   0.80741   0.04608   0.20830   0.02625   0.00000   0.00000            3210
ES33    ES         1.74490   0.07683   2.82685   0.15954  -0.61726   0.02494   0.35375   0.01996   0.16798   0.01479   0.00000   0.00000            3310
ES34    ES         0.63776   0.04887   1.84295   0.10634  -0.34606   0.03727   0.54261   0.03131   0.30675   0.01814   0.00000   0.00000            3410
ES35    ES         1.97697   0.09998   2.69512   0.18673  -0.73354   0.03250   0.37104   0.02571   0.27456   0.01900   0.00000   0.00000            3510
ES36    ES         0.55051   0.04673   1.81931   0.10648  -0.30259   0.03523   0.54966   0.03217   0.27167   0.01783   0.00000   0.00000            3610
ES37    ES         0.78522   0.04235   1.53748   0.08467  -0.51072   0.04259   0.65041   0.03582   0.19915   0.02078   0.00000   0.00000            3710
ES38    ES         1.34180   0.05329   1.21937   0.06854  -1.10040   0.07940   0.82009   0.04610   0.16803   0.04233   0.00000   0.00000            3810
ES39    ES         1.70592   0.06156   1.84176   0.09833  -0.92625   0.04197   0.54296   0.02899   0.13624   0.02398   0.00000   0.00000            3910
ES40    ES         2.17334   0.10870   1.98076   0.16075  -1.09723   0.06413   0.50486   0.04097   0.36100   0.03403   0.00000   0.00000            4010
ES41    ES         0.07349   0.05185   2.24877   0.11921  -0.03268   0.02414   0.44469   0.02357   0.23144   0.01313   0.00000   0.00000            4110
ES42    ES        -0.66819   0.07372   1.49902   0.09719   0.44575   0.02804   0.66710   0.04325   0.21879   0.01297   0.00000   0.00000            4210
ES43    ES        -0.47476   0.06088   2.17592   0.11364   0.21819   0.02009   0.45957   0.02400   0.16492   0.01065   0.00000   0.00000            4310
ES44    ES         0.76553   0.03943   1.76473   0.07815  -0.43380   0.03137   0.56666   0.02509   0.13956   0.01526   0.00000   0.00000            4410
ES45    ES         1.05826   0.05325   2.85435   0.16050  -0.37075   0.02194   0.35034   0.01970   0.17725   0.01326   0.00000   0.00000            4510
