Effects of Raw-to-Scale Score Conversions on Equating                           
                                                                                
   1  33
  33
MS01    MS         1.10152   0.05606   1.22936   0.06949  -0.89601   0.07476   0.81343   0.04598   0.26307   0.03652   0.00000   0.00000             110
MS02    MS         1.52780   0.06446   1.54159   0.09840  -0.99105   0.06592   0.64868   0.04141   0.26668   0.03639   0.00000   0.00000             210
MS03    MS         2.29242   0.09629   0.96988   0.06034  -2.36362   0.14690   1.03106   0.06414   0.21240   0.08041   0.00000   0.00000             310
MS04    MS         2.37908   0.08707   1.15611   0.06479  -2.05782   0.09908   0.86497   0.04847   0.14574   0.05736   0.00000   0.00000             410
MS05    MS         1.00333   0.08503   0.64364   0.04749  -1.55883   0.21651   1.55365   0.11463   0.26455   0.07794   0.00000   0.00000             510
MS06    MS         1.91640   0.07775   1.81385   0.11042  -1.05653   0.05097   0.55131   0.03356   0.18490   0.03162   0.00000   0.00000             610
MS07    MS         0.94714   0.05794   0.81859   0.04911  -1.15703   0.11792   1.22161   0.07329   0.17745   0.05165   0.00000   0.00000             710
MS08    MS         0.87244   0.05544   1.21737   0.07870  -0.71666   0.07526   0.82144   0.05310   0.28975   0.03410   0.00000   0.00000             810
MS09    MS         0.88550   0.06400   1.05890   0.07970  -0.83624   0.10392   0.94437   0.07108   0.32984   0.04343   0.00000   0.00000             910
MS10    MS         1.36583   0.04777   1.01837   0.04927  -1.34118   0.07244   0.98196   0.04750   0.09732   0.03717   0.00000   0.00000            1010
MS11    MS         1.27433   0.07612   0.77809   0.05140  -1.63777   0.16900   1.28520   0.08489   0.24364   0.07295   0.00000   0.00000            1110
MS12    MS         0.78134   0.04255   1.58299   0.08530  -0.49358   0.04030   0.63172   0.03404   0.15298   0.02124   0.00000   0.00000            1210
MS13    MS         0.61779   0.08461   0.74678   0.06263  -0.82728   0.16829   1.33909   0.11231   0.36326   0.05394   0.00000   0.00000            1310
MS14    MS         0.96821   0.04493   1.10661   0.05617  -0.87493   0.06561   0.90366   0.04587   0.13709   0.03270   0.00000   0.00000            1410
MS15    MS        -0.02443   0.05986   1.99404   0.13221   0.01225   0.02950   0.50149   0.03325   0.25404   0.01591   0.00000   0.00000            1510
MS16    MS         0.12004   0.05778   1.24567   0.07698  -0.09636   0.05060   0.80278   0.04961   0.27249   0.02198   0.00000   0.00000            1610
MS17    MS        -1.92360   0.28368   1.33555   0.22313   1.44030   0.06600   0.74876   0.12509   0.35978   0.01262   0.00000   0.00000            1710
MS18    MS        -0.14485   0.06633   0.95857   0.07132   0.15111   0.06068   1.04322   0.07762   0.22185   0.02482   0.00000   0.00000            1810
MS19    MS        -0.12576   0.10765   0.80365   0.09438   0.15649   0.11919   1.24432   0.14613   0.47918   0.03127   0.00000   0.00000            1910
MS20    MS        -0.53581   0.09018   1.31441   0.10653   0.40764   0.04369   0.76080   0.06166   0.33136   0.01797   0.00000   0.00000            2010
MS21    MS        -0.49765   0.09966   0.97906   0.09612   0.50829   0.06360   1.02139   0.10028   0.36215   0.02222   0.00000   0.00000            2110
MS22    MS        -0.73257   0.09186   2.17790   0.15566   0.33637   0.02456   0.45916   0.03282   0.24100   0.01325   0.00000   0.00000            2210
MS23    MS        -0.48286   0.07714   1.84800   0.12129   0.26129   0.02944   0.54112   0.03551   0.27084   0.01468   0.00000   0.00000            2310
MS24    MS        -0.37476   0.08667   0.83803   0.07763   0.44720   0.07141   1.19327   0.11053   0.27994   0.02566   0.00000   0.00000            2410
MS25    MS        -0.67990   0.10376   1.02449   0.09726   0.66365   0.05414   0.97610   0.09267   0.33362   0.01953   0.00000   0.00000            2510
MS26    MS        -0.18236   0.05677   1.87070   0.10189   0.09748   0.02690   0.53456   0.02912   0.20198   0.01404   0.00000   0.00000            2610
MS27    MS        -0.36964   0.06849   1.09625   0.07701   0.33719   0.04513   0.91220   0.06408   0.21913   0.01923   0.00000   0.00000            2710
MS28    MS         0.95931   0.06905   0.94832   0.06639  -1.01159   0.12261   1.05449   0.07382   0.32662   0.04957   0.00000   0.00000            2810
MS29    MS        -1.80568   0.18260   1.92935   0.18289   0.93590   0.02575   0.51831   0.04913   0.23435   0.01065   0.00000   0.00000            2910
MS30    MS        -2.42063   0.32603   2.26986   0.30535   1.06642   0.02761   0.44056   0.05927   0.30274   0.01032   0.00000   0.00000            3010
MS31    MS        -1.21447   0.09722   1.69550   0.11259   0.71629   0.02317   0.58980   0.03916   0.13735   0.01033   0.00000   0.00000            3110
MS32    MS        -1.44267   0.16900   1.08392   0.13895   1.33097   0.05596   0.92258   0.11827   0.24779   0.01442   0.00000   0.00000            3210
MS33    MS        -0.85252   0.15029   0.61190   0.10017   1.39325   0.10284   1.63427   0.26755   0.32392   0.02672   0.00000   0.00000            3310
