Effects of Raw-to-Scale Score Conversions on Equating                           
                                                                                
   1  48
  48
CS01    CS         2.05387   0.10733   0.41261   0.04824  -4.97776   0.58181   2.42360   0.28332   0.28221   0.10356   0.00000   0.00000             110
CS02    CS         1.56105   0.08675   0.75983   0.06000  -2.05448   0.21644   1.31609   0.10392   0.30400   0.08440   0.00000   0.00000             210
CS03    CS         1.60021   0.08259   1.29207   0.11030  -1.23848   0.10984   0.77395   0.06607   0.47340   0.04578   0.00000   0.00000             310
CS04    CS         1.31029   0.11046   0.57699   0.05234  -2.27093   0.33032   1.73314   0.15723   0.37229   0.09863   0.00000   0.00000             410
CS05    CS         0.78563   0.05282   0.81805   0.05047  -0.96037   0.10311   1.22242   0.07541   0.17455   0.04539   0.00000   0.00000             510
CS06    CS         0.86604   0.05376   0.62931   0.03781  -1.37617   0.13801   1.58904   0.09546   0.14425   0.05167   0.00000   0.00000             610
CS07    CS         1.19110   0.09837   0.48555   0.03912  -2.45307   0.33093   2.05950   0.16594   0.28643   0.09640   0.00000   0.00000             710
CS08    CS         1.06305   0.07891   0.60715   0.04551  -1.75090   0.22089   1.64705   0.12346   0.24888   0.07667   0.00000   0.00000             810
CS09    CS         0.81668   0.12044   0.41478   0.04134  -1.96894   0.43428   2.41092   0.24029   0.35438   0.09859   0.00000   0.00000             910
CS10    CS         0.99152   0.07969   0.73937   0.05666  -1.34104   0.17979   1.35251   0.10365   0.34299   0.06386   0.00000   0.00000            1010
CS11    CS         2.09280   0.08342   1.42055   0.09724  -1.47323   0.08740   0.70395   0.04819   0.28835   0.04842   0.00000   0.00000            1110
CS12    CS         0.82733   0.05766   1.00438   0.06738  -0.82371   0.09197   0.99564   0.06680   0.28868   0.04132   0.00000   0.00000            1210
CS13    CS         0.82183   0.04878   1.24094   0.07312  -0.66227   0.05954   0.80584   0.04748   0.24119   0.03139   0.00000   0.00000            1310
CS14    CS         1.43711   0.06965   1.26471   0.09307  -1.13632   0.09229   0.79070   0.05819   0.38745   0.04362   0.00000   0.00000            1410
CS15    CS         0.13083   0.13963   0.28196   0.04090  -0.46401   0.54825   3.54660   0.51451   0.30547   0.08634   0.00000   0.00000            1510
CS16    CS         0.45122   0.08019   0.90588   0.07706  -0.49810   0.11926   1.10390   0.09391   0.44667   0.03889   0.00000   0.00000            1610
CS17    CS         0.31531   0.07078   1.14653   0.09045  -0.27501   0.07695   0.87220   0.06881   0.40248   0.03030   0.00000   0.00000            1710
CS18    CS         1.11728   0.04897   1.44245   0.08403  -0.77457   0.05041   0.69327   0.04039   0.20022   0.03005   0.00000   0.00000            1810
CS19    CS         0.32126   0.05579   0.91931   0.05815  -0.34946   0.07591   1.08777   0.06880   0.22179   0.03277   0.00000   0.00000            1910
CS20    CS        -0.12335   0.09300   0.70088   0.06851   0.17599   0.11915   1.42677   0.13947   0.33370   0.03643   0.00000   0.00000            2010
CS21    CS         0.11671   0.06788   1.21285   0.08833  -0.09622   0.06092   0.82450   0.06005   0.34216   0.02598   0.00000   0.00000            2110
CS22    CS         0.55764   0.04828   1.25617   0.07401  -0.44392   0.05347   0.79607   0.04690   0.23254   0.02762   0.00000   0.00000            2210
CS23    CS        -0.04482   0.07037   0.76987   0.06024   0.05822   0.08798   1.29892   0.10164   0.22366   0.03286   0.00000   0.00000            2310
CS24    CS        -0.04651   0.07579   0.77018   0.06233   0.06039   0.09469   1.29839   0.10508   0.26400   0.03377   0.00000   0.00000            2410
CS25    CS         0.60716   0.04462   1.13015   0.06281  -0.53724   0.05602   0.88484   0.04918   0.17284   0.02933   0.00000   0.00000            2510
CS26    CS        -0.01738   0.07213   0.66200   0.05338   0.02625   0.10736   1.51058   0.12180   0.20622   0.03709   0.00000   0.00000            2610
CS27    CS         0.47278   0.05266   1.06889   0.06651  -0.44231   0.06681   0.93555   0.05821   0.24600   0.03128   0.00000   0.00000            2710
CS28    CS        -0.11943   0.05354   1.04009   0.06230   0.11483   0.04686   0.96145   0.05759   0.15279   0.02139   0.00000   0.00000            2810
CS29    CS        -0.66580   0.06798   1.19483   0.07683   0.55723   0.03263   0.83694   0.05382   0.11750   0.01434   0.00000   0.00000            2910
CS30    CS        -0.15859   0.07397   0.74537   0.06068   0.21277   0.08614   1.34161   0.10922   0.21634   0.03160   0.00000   0.00000            3010
CS31    CS         0.09553   0.06167   0.44103   0.03451  -0.21660   0.15162   2.26744   0.17745   0.11564   0.04268   0.00000   0.00000            3110
CS32    CS        -0.20993   0.06445   0.97236   0.06591   0.21590   0.05574   1.02843   0.06971   0.19909   0.02352   0.00000   0.00000            3210
CS33    CS        -0.72040   0.08693   1.30794   0.09980   0.55079   0.03584   0.76456   0.05834   0.20272   0.01599   0.00000   0.00000            3310
CS34    CS        -0.14730   0.06643   0.61245   0.04831   0.24051   0.09456   1.63279   0.12879   0.14266   0.03287   0.00000   0.00000            3410
CS35    CS         0.72508   0.09977   0.29353   0.02896  -2.47023   0.49819   3.40683   0.33614   0.25250   0.09255   0.00000   0.00000            3510
CS36    CS         1.96013   0.10023   0.74375   0.05887  -2.63549   0.24424   1.34455   0.10643   0.29317   0.09722   0.00000   0.00000            3610
CS37    CS        -0.36368   0.07477   0.77272   0.06325   0.47064   0.06843   1.29413   0.10593   0.18231   0.02618   0.00000   0.00000            3710
CS38    CS         1.49842   0.05660   1.28268   0.07640  -1.16819   0.06933   0.77962   0.04644   0.19685   0.03947   0.00000   0.00000            3810
CS39    CS         1.00980   0.06751   0.53684   0.03569  -1.88101   0.20596   1.86275   0.12385   0.18314   0.06877   0.00000   0.00000            3910
CS40    CS         0.70320   0.05916   0.81939   0.05552  -0.85821   0.11208   1.22042   0.08270   0.23787   0.04619   0.00000   0.00000            4010
CS41    CS         1.50315   0.06458   0.85926   0.05425  -1.74935   0.13811   1.16379   0.07348   0.21174   0.06223   0.00000   0.00000            4110
CS42    CS         1.11279   0.05849   0.90558   0.05863  -1.22881   0.11298   1.10426   0.07149   0.23611   0.05123   0.00000   0.00000            4210
CS43    CS         0.74457   0.07508   0.71957   0.05454  -1.03474   0.16130   1.38972   0.10533   0.31244   0.05689   0.00000   0.00000            4310
CS44    CS         0.04565   0.06544   0.70334   0.05257  -0.06491   0.09672   1.42179   0.10626   0.18228   0.03587   0.00000   0.00000            4410
CS45    CS         1.20038   0.07550   0.50018   0.03552  -2.39988   0.25481   1.99926   0.14198   0.20649   0.07941   0.00000   0.00000            4510
CS46    CS        -0.58461   0.11937   0.39529   0.05910   1.47896   0.15436   2.52981   0.37822   0.15975   0.04039   0.00000   0.00000            4610
CS47    CS        -0.74185   0.12138   1.26331   0.12383   0.58722   0.05148   0.79157   0.07759   0.39295   0.01831   0.00000   0.00000            4710
CS48    CS         0.32774   0.04479   0.96184   0.05189  -0.34075   0.05816   1.03968   0.05609   0.13333   0.02735   0.00000   0.00000            4810
